,0
0,1001
1,1003
2,1005
3,1007
4,1009
5,1011
6,1013
7,1015
8,1017
9,1019
10,1021
11,1023
12,1025
13,1027
14,1029
15,1031
16,1033
17,1035
18,1037
19,1039
20,1041
21,1043
22,1045
23,1047
24,1049
25,1051
26,1053
27,1055
28,1057
29,1059
30,1061
31,1063
32,1065
33,1067
34,1069
35,1071
36,1073
37,1075
38,1077
39,1079
40,1081
41,1083
42,1085
43,1087
44,1089
45,1091
46,1093
47,1095
48,1097
49,1099
50,1101
51,1103
52,1105
53,1107
54,1109
55,1111
56,1113
57,1115
58,1117
59,1119
60,1121
61,1123
62,1125
63,1127
64,1129
65,1131
66,1133
67,2013
68,2016
69,2020
70,2050
71,2060
72,2068
73,2070
74,2090
75,2100
76,2105
77,2110
78,2122
79,2130
80,2150
81,2164
82,2170
83,2180
84,2185
85,2188
86,2195
87,2198
88,2220
89,2240
90,2261
91,2275
92,2282
93,2290
94,4001
95,4003
96,4005
97,4007
98,4009
99,4011
100,4012
101,4013
102,4015
103,4017
104,4019
105,4021
106,4023
107,4025
108,4027
109,5001
110,5003
111,5005
112,5007
113,5009
114,5011
115,5013
116,5015
117,5017
118,5019
119,5021
120,5023
121,5025
122,5027
123,5029
124,5031
125,5033
126,5035
127,5037
128,5039
129,5041
130,5043
131,5045
132,5047
133,5049
134,5051
135,5053
136,5055
137,5057
138,5059
139,5061
140,5063
141,5065
142,5067
143,5069
144,5071
145,5073
146,5075
147,5077
148,5079
149,5081
150,5083
151,5085
152,5087
153,5089
154,5091
155,5093
156,5095
157,5097
158,5099
159,5101
160,5103
161,5105
162,5107
163,5109
164,5111
165,5113
166,5115
167,5117
168,5119
169,5121
170,5123
171,5125
172,5127
173,5129
174,5131
175,5133
176,5135
177,5137
178,5139
179,5141
180,5143
181,5145
182,5147
183,5149
184,6001
185,6003
186,6005
187,6007
188,6009
189,6011
190,6013
191,6015
192,6017
193,6019
194,6021
195,6023
196,6025
197,6027
198,6029
199,6031
200,6033
201,6035
202,6037
203,6039
204,6041
205,6043
206,6045
207,6047
208,6049
209,6051
210,6053
211,6055
212,6057
213,6059
214,6061
215,6063
216,6065
217,6067
218,6069
219,6071
220,6073
221,6075
222,6077
223,6079
224,6081
225,6083
226,6085
227,6087
228,6089
229,6093
230,6095
231,6097
232,6099
233,6101
234,6103
235,6105
236,6107
237,6109
238,6111
239,6113
240,6115
241,8001
242,8003
243,8005
244,8007
245,8009
246,8011
247,8013
248,8015
249,8017
250,8019
251,8021
252,8023
253,8025
254,8027
255,8029
256,8031
257,8033
258,8035
259,8037
260,8039
261,8041
262,8043
263,8045
264,8047
265,8049
266,8051
267,8053
268,8055
269,8057
270,8059
271,8061
272,8063
273,8065
274,8067
275,8069
276,8071
277,8073
278,8075
279,8077
280,8079
281,8081
282,8083
283,8085
284,8087
285,8089
286,8091
287,8093
288,8095
289,8097
290,8099
291,8101
292,8103
293,8105
294,8107
295,8109
296,8111
297,8113
298,8115
299,8117
300,8119
301,8121
302,8123
303,8125
304,9001
305,9003
306,9005
307,9007
308,9009
309,9011
310,9013
311,9015
312,10001
313,10003
314,10005
315,11001
316,12001
317,12003
318,12005
319,12007
320,12009
321,12011
322,12013
323,12015
324,12017
325,12019
326,12021
327,12023
328,12027
329,12029
330,12031
331,12033
332,12035
333,12037
334,12039
335,12041
336,12043
337,12045
338,12047
339,12049
340,12051
341,12053
342,12055
343,12057
344,12059
345,12061
346,12063
347,12065
348,12067
349,12069
350,12071
351,12073
352,12075
353,12077
354,12079
355,12081
356,12083
357,12085
358,12086
359,12087
360,12089
361,12091
362,12093
363,12095
364,12097
365,12099
366,12101
367,12103
368,12105
369,12107
370,12109
371,12111
372,12113
373,12115
374,12117
375,12119
376,12121
377,12123
378,12125
379,12127
380,12129
381,12131
382,12133
383,13001
384,13003
385,13005
386,13007
387,13009
388,13011
389,13013
390,13015
391,13017
392,13019
393,13021
394,13023
395,13025
396,13027
397,13029
398,13031
399,13033
400,13035
401,13037
402,13039
403,13043
404,13045
405,13047
406,13049
407,13051
408,13053
409,13055
410,13057
411,13059
412,13061
413,13063
414,13065
415,13067
416,13069
417,13071
418,13073
419,13075
420,13077
421,13079
422,13081
423,13083
424,13085
425,13087
426,13089
427,13091
428,13093
429,13095
430,13097
431,13099
432,13101
433,13103
434,13105
435,13107
436,13109
437,13111
438,13113
439,13115
440,13117
441,13119
442,13121
443,13123
444,13125
445,13127
446,13129
447,13131
448,13133
449,13135
450,13137
451,13139
452,13141
453,13143
454,13145
455,13147
456,13149
457,13151
458,13153
459,13155
460,13157
461,13159
462,13161
463,13163
464,13165
465,13167
466,13169
467,13171
468,13173
469,13175
470,13177
471,13179
472,13181
473,13183
474,13185
475,13187
476,13189
477,13191
478,13193
479,13195
480,13197
481,13199
482,13201
483,13205
484,13207
485,13209
486,13211
487,13213
488,13215
489,13217
490,13219
491,13221
492,13223
493,13225
494,13227
495,13229
496,13231
497,13233
498,13235
499,13237
500,13239
501,13241
502,13243
503,13245
504,13247
505,13249
506,13251
507,13253
508,13255
509,13257
510,13259
511,13261
512,13263
513,13265
514,13267
515,13269
516,13271
517,13273
518,13275
519,13277
520,13279
521,13281
522,13283
523,13285
524,13287
525,13289
526,13291
527,13293
528,13295
529,13297
530,13299
531,13301
532,13303
533,13305
534,13307
535,13309
536,13311
537,13313
538,13315
539,13317
540,13319
541,13321
542,15001
543,15003
544,15007
545,15009
546,16001
547,16003
548,16005
549,16007
550,16009
551,16011
552,16013
553,16015
554,16017
555,16019
556,16021
557,16023
558,16025
559,16027
560,16029
561,16031
562,16033
563,16035
564,16037
565,16039
566,16041
567,16043
568,16045
569,16047
570,16049
571,16051
572,16053
573,16055
574,16057
575,16059
576,16061
577,16063
578,16065
579,16067
580,16069
581,16071
582,16073
583,16075
584,16077
585,16079
586,16081
587,16083
588,16085
589,16087
590,17001
591,17003
592,17005
593,17007
594,17009
595,17011
596,17013
597,17015
598,17017
599,17019
600,17021
601,17023
602,17025
603,17027
604,17029
605,17031
606,17033
607,17035
608,17037
609,17039
610,17041
611,17043
612,17045
613,17047
614,17049
615,17051
616,17053
617,17055
618,17057
619,17059
620,17061
621,17063
622,17065
623,17067
624,17069
625,17071
626,17073
627,17075
628,17077
629,17079
630,17081
631,17083
632,17085
633,17087
634,17089
635,17091
636,17093
637,17095
638,17097
639,17099
640,17101
641,17103
642,17105
643,17107
644,17109
645,17111
646,17113
647,17115
648,17117
649,17119
650,17121
651,17123
652,17125
653,17127
654,17129
655,17131
656,17133
657,17135
658,17137
659,17139
660,17141
661,17143
662,17145
663,17147
664,17149
665,17151
666,17153
667,17155
668,17157
669,17159
670,17161
671,17163
672,17165
673,17167
674,17169
675,17171
676,17173
677,17175
678,17177
679,17179
680,17181
681,17183
682,17185
683,17187
684,17189
685,17191
686,17193
687,17195
688,17197
689,17199
690,17201
691,17203
692,18001
693,18003
694,18005
695,18007
696,18009
697,18011
698,18013
699,18015
700,18017
701,18019
702,18021
703,18023
704,18025
705,18027
706,18029
707,18031
708,18033
709,18035
710,18037
711,18039
712,18041
713,18043
714,18045
715,18047
716,18049
717,18051
718,18053
719,18055
720,18057
721,18059
722,18061
723,18063
724,18065
725,18067
726,18069
727,18071
728,18073
729,18075
730,18077
731,18079
732,18081
733,18083
734,18085
735,18087
736,18089
737,18091
738,18093
739,18095
740,18097
741,18099
742,18101
743,18103
744,18105
745,18107
746,18109
747,18111
748,18113
749,18115
750,18117
751,18119
752,18121
753,18123
754,18125
755,18127
756,18129
757,18131
758,18133
759,18135
760,18137
761,18139
762,18141
763,18143
764,18145
765,18147
766,18149
767,18151
768,18153
769,18155
770,18157
771,18159
772,18161
773,18163
774,18165
775,18167
776,18169
777,18171
778,18173
779,18175
780,18177
781,18179
782,18181
783,18183
784,19001
785,19003
786,19005
787,19007
788,19009
789,19011
790,19013
791,19015
792,19017
793,19019
794,19021
795,19023
796,19025
797,19027
798,19029
799,19031
800,19033
801,19035
802,19037
803,19039
804,19041
805,19043
806,19045
807,19047
808,19049
809,19051
810,19053
811,19055
812,19057
813,19059
814,19061
815,19063
816,19065
817,19067
818,19069
819,19071
820,19073
821,19075
822,19077
823,19079
824,19081
825,19083
826,19085
827,19087
828,19089
829,19091
830,19093
831,19095
832,19097
833,19099
834,19101
835,19103
836,19105
837,19107
838,19109
839,19111
840,19113
841,19115
842,19117
843,19119
844,19121
845,19123
846,19125
847,19127
848,19129
849,19131
850,19133
851,19135
852,19137
853,19139
854,19141
855,19143
856,19145
857,19147
858,19149
859,19151
860,19153
861,19155
862,19157
863,19159
864,19161
865,19163
866,19165
867,19167
868,19169
869,19171
870,19173
871,19175
872,19177
873,19179
874,19181
875,19183
876,19185
877,19187
878,19189
879,19191
880,19193
881,19195
882,19197
883,20001
884,20003
885,20005
886,20007
887,20009
888,20011
889,20013
890,20015
891,20017
892,20019
893,20021
894,20023
895,20025
896,20027
897,20029
898,20031
899,20033
900,20035
901,20037
902,20039
903,20041
904,20043
905,20045
906,20047
907,20049
908,20051
909,20053
910,20055
911,20057
912,20059
913,20061
914,20063
915,20065
916,20067
917,20069
918,20071
919,20073
920,20075
921,20077
922,20079
923,20081
924,20083
925,20085
926,20087
927,20089
928,20091
929,20093
930,20095
931,20097
932,20099
933,20101
934,20103
935,20105
936,20107
937,20109
938,20111
939,20113
940,20115
941,20117
942,20119
943,20121
944,20123
945,20125
946,20127
947,20129
948,20131
949,20133
950,20135
951,20137
952,20139
953,20141
954,20143
955,20145
956,20147
957,20149
958,20151
959,20153
960,20155
961,20157
962,20159
963,20161
964,20163
965,20165
966,20167
967,20169
968,20171
969,20173
970,20175
971,20177
972,20179
973,20181
974,20183
975,20185
976,20187
977,20189
978,20191
979,20193
980,20195
981,20197
982,20199
983,20201
984,20203
985,20205
986,20207
987,20209
988,21001
989,21003
990,21005
991,21007
992,21009
993,21011
994,21013
995,21015
996,21017
997,21019
998,21021
999,21023
1000,21025
1001,21027
1002,21029
1003,21031
1004,21033
1005,21035
1006,21037
1007,21039
1008,21041
1009,21043
1010,21045
1011,21047
1012,21049
1013,21051
1014,21053
1015,21055
1016,21057
1017,21059
1018,21061
1019,21063
1020,21065
1021,21067
1022,21069
1023,21071
1024,21073
1025,21075
1026,21077
1027,21079
1028,21081
1029,21083
1030,21085
1031,21087
1032,21089
1033,21091
1034,21093
1035,21095
1036,21097
1037,21099
1038,21101
1039,21103
1040,21105
1041,21107
1042,21109
1043,21111
1044,21113
1045,21115
1046,21117
1047,21119
1048,21121
1049,21123
1050,21125
1051,21127
1052,21129
1053,21131
1054,21133
1055,21135
1056,21137
1057,21139
1058,21141
1059,21143
1060,21145
1061,21147
1062,21149
1063,21151
1064,21153
1065,21155
1066,21157
1067,21159
1068,21161
1069,21163
1070,21165
1071,21167
1072,21169
1073,21171
1074,21173
1075,21175
1076,21177
1077,21179
1078,21181
1079,21183
1080,21185
1081,21187
1082,21189
1083,21191
1084,21193
1085,21195
1086,21197
1087,21199
1088,21201
1089,21203
1090,21205
1091,21207
1092,21209
1093,21211
1094,21213
1095,21215
1096,21217
1097,21219
1098,21221
1099,21223
1100,21225
1101,21227
1102,21229
1103,21231
1104,21233
1105,21235
1106,21237
1107,21239
1108,22001
1109,22003
1110,22005
1111,22007
1112,22009
1113,22011
1114,22013
1115,22015
1116,22017
1117,22019
1118,22021
1119,22023
1120,22025
1121,22027
1122,22029
1123,22031
1124,22033
1125,22035
1126,22037
1127,22039
1128,22041
1129,22043
1130,22045
1131,22047
1132,22049
1133,22051
1134,22053
1135,22055
1136,22057
1137,22059
1138,22061
1139,22063
1140,22065
1141,22067
1142,22069
1143,22071
1144,22073
1145,22075
1146,22077
1147,22079
1148,22081
1149,22083
1150,22085
1151,22087
1152,22089
1153,22091
1154,22093
1155,22095
1156,22097
1157,22099
1158,22101
1159,22103
1160,22105
1161,22107
1162,22109
1163,22111
1164,22113
1165,22115
1166,22117
1167,22119
1168,22121
1169,22123
1170,22125
1171,22127
1172,23001
1173,23003
1174,23005
1175,23007
1176,23009
1177,23011
1178,23013
1179,23015
1180,23017
1181,23019
1182,23021
1183,23023
1184,23025
1185,23027
1186,23029
1187,23031
1188,24001
1189,24003
1190,24005
1191,24009
1192,24011
1193,24013
1194,24015
1195,24017
1196,24019
1197,24021
1198,24023
1199,24025
1200,24027
1201,24029
1202,24031
1203,24033
1204,24035
1205,24037
1206,24039
1207,24041
1208,24043
1209,24045
1210,24047
1211,24510
1212,25001
1213,25003
1214,25005
1215,25007
1216,25009
1217,25011
1218,25013
1219,25015
1220,25017
1221,25019
1222,25021
1223,25023
1224,25025
1225,25027
1226,26001
1227,26003
1228,26005
1229,26007
1230,26009
1231,26011
1232,26013
1233,26015
1234,26017
1235,26019
1236,26021
1237,26023
1238,26025
1239,26027
1240,26029
1241,26031
1242,26033
1243,26035
1244,26037
1245,26039
1246,26041
1247,26043
1248,26045
1249,26047
1250,26049
1251,26051
1252,26053
1253,26055
1254,26057
1255,26059
1256,26061
1257,26063
1258,26065
1259,26067
1260,26069
1261,26071
1262,26073
1263,26075
1264,26077
1265,26079
1266,26081
1267,26083
1268,26085
1269,26087
1270,26089
1271,26091
1272,26093
1273,26095
1274,26097
1275,26099
1276,26101
1277,26103
1278,26105
1279,26107
1280,26109
1281,26111
1282,26113
1283,26115
1284,26117
1285,26119
1286,26121
1287,26123
1288,26125
1289,26127
1290,26129
1291,26131
1292,26133
1293,26135
1294,26137
1295,26139
1296,26141
1297,26143
1298,26145
1299,26147
1300,26149
1301,26151
1302,26153
1303,26155
1304,26157
1305,26159
1306,26161
1307,26163
1308,26165
1309,27001
1310,27003
1311,27005
1312,27007
1313,27009
1314,27011
1315,27013
1316,27015
1317,27017
1318,27019
1319,27021
1320,27023
1321,27025
1322,27027
1323,27029
1324,27031
1325,27033
1326,27035
1327,27037
1328,27039
1329,27041
1330,27043
1331,27045
1332,27047
1333,27049
1334,27051
1335,27053
1336,27055
1337,27057
1338,27059
1339,27061
1340,27063
1341,27065
1342,27067
1343,27069
1344,27071
1345,27073
1346,27075
1347,27077
1348,27079
1349,27081
1350,27083
1351,27085
1352,27087
1353,27089
1354,27091
1355,27093
1356,27095
1357,27097
1358,27099
1359,27101
1360,27103
1361,27105
1362,27107
1363,27109
1364,27111
1365,27113
1366,27115
1367,27117
1368,27119
1369,27121
1370,27123
1371,27125
1372,27127
1373,27129
1374,27131
1375,27133
1376,27135
1377,27137
1378,27139
1379,27141
1380,27143
1381,27145
1382,27147
1383,27149
1384,27151
1385,27153
1386,27155
1387,27157
1388,27159
1389,27161
1390,27163
1391,27165
1392,27167
1393,27169
1394,27171
1395,27173
1396,28001
1397,28003
1398,28005
1399,28007
1400,28009
1401,28011
1402,28013
1403,28015
1404,28017
1405,28019
1406,28021
1407,28023
1408,28025
1409,28027
1410,28029
1411,28031
1412,28033
1413,28035
1414,28037
1415,28039
1416,28041
1417,28043
1418,28045
1419,28047
1420,28049
1421,28051
1422,28053
1423,28055
1424,28057
1425,28059
1426,28061
1427,28063
1428,28065
1429,28067
1430,28069
1431,28071
1432,28073
1433,28075
1434,28077
1435,28079
1436,28081
1437,28083
1438,28085
1439,28087
1440,28089
1441,28091
1442,28093
1443,28095
1444,28097
1445,28099
1446,28101
1447,28103
1448,28105
1449,28107
1450,28109
1451,28111
1452,28113
1453,28115
1454,28117
1455,28119
1456,28121
1457,28123
1458,28125
1459,28127
1460,28129
1461,28131
1462,28133
1463,28135
1464,28137
1465,28139
1466,28141
1467,28143
1468,28145
1469,28147
1470,28149
1471,28151
1472,28153
1473,28155
1474,28157
1475,28159
1476,28161
1477,28163
1478,29001
1479,29003
1480,29005
1481,29007
1482,29009
1483,29011
1484,29013
1485,29015
1486,29017
1487,29019
1488,29021
1489,29023
1490,29025
1491,29027
1492,29029
1493,29031
1494,29033
1495,29035
1496,29037
1497,29039
1498,29041
1499,29043
1500,29045
1501,29047
1502,29049
1503,29051
1504,29053
1505,29055
1506,29057
1507,29059
1508,29061
1509,29063
1510,29065
1511,29067
1512,29069
1513,29071
1514,29073
1515,29075
1516,29077
1517,29079
1518,29081
1519,29083
1520,29085
1521,29087
1522,29089
1523,29091
1524,29093
1525,29095
1526,29097
1527,29099
1528,29101
1529,29103
1530,29105
1531,29107
1532,29109
1533,29111
1534,29113
1535,29115
1536,29117
1537,29119
1538,29121
1539,29123
1540,29125
1541,29127
1542,29129
1543,29131
1544,29133
1545,29135
1546,29137
1547,29139
1548,29141
1549,29143
1550,29145
1551,29147
1552,29149
1553,29151
1554,29153
1555,29155
1556,29157
1557,29159
1558,29161
1559,29163
1560,29165
1561,29167
1562,29169
1563,29171
1564,29173
1565,29175
1566,29177
1567,29179
1568,29181
1569,29183
1570,29185
1571,29186
1572,29187
1573,29189
1574,29195
1575,29197
1576,29199
1577,29201
1578,29203
1579,29205
1580,29207
1581,29209
1582,29211
1583,29213
1584,29215
1585,29217
1586,29219
1587,29221
1588,29223
1589,29225
1590,29227
1591,29229
1592,29510
1593,30001
1594,30003
1595,30005
1596,30007
1597,30009
1598,30011
1599,30013
1600,30015
1601,30017
1602,30019
1603,30021
1604,30023
1605,30025
1606,30027
1607,30029
1608,30031
1609,30033
1610,30035
1611,30037
1612,30039
1613,30041
1614,30043
1615,30045
1616,30047
1617,30049
1618,30051
1619,30053
1620,30055
1621,30057
1622,30059
1623,30061
1624,30063
1625,30065
1626,30067
1627,30069
1628,30071
1629,30073
1630,30075
1631,30077
1632,30079
1633,30081
1634,30083
1635,30085
1636,30087
1637,30089
1638,30091
1639,30093
1640,30095
1641,30097
1642,30099
1643,30101
1644,30103
1645,30105
1646,30107
1647,30109
1648,30111
1649,31001
1650,31003
1651,31005
1652,31007
1653,31009
1654,31011
1655,31013
1656,31015
1657,31017
1658,31019
1659,31021
1660,31023
1661,31025
1662,31027
1663,31029
1664,31031
1665,31033
1666,31035
1667,31037
1668,31039
1669,31041
1670,31043
1671,31045
1672,31047
1673,31049
1674,31051
1675,31053
1676,31055
1677,31057
1678,31059
1679,31061
1680,31063
1681,31065
1682,31067
1683,31069
1684,31071
1685,31073
1686,31075
1687,31077
1688,31079
1689,31081
1690,31083
1691,31085
1692,31087
1693,31089
1694,31091
1695,31093
1696,31095
1697,31097
1698,31099
1699,31101
1700,31103
1701,31105
1702,31107
1703,31109
1704,31111
1705,31113
1706,31115
1707,31117
1708,31119
1709,31121
1710,31123
1711,31125
1712,31127
1713,31129
1714,31131
1715,31133
1716,31135
1717,31137
1718,31139
1719,31141
1720,31143
1721,31145
1722,31147
1723,31149
1724,31151
1725,31153
1726,31155
1727,31157
1728,31159
1729,31161
1730,31163
1731,31165
1732,31167
1733,31169
1734,31171
1735,31173
1736,31175
1737,31177
1738,31179
1739,31181
1740,31183
1741,31185
1742,32001
1743,32003
1744,32005
1745,32007
1746,32009
1747,32011
1748,32013
1749,32015
1750,32017
1751,32019
1752,32021
1753,32023
1754,32027
1755,32029
1756,32031
1757,32033
1758,32510
1759,33001
1760,33003
1761,33005
1762,33007
1763,33009
1764,33011
1765,33013
1766,33015
1767,33017
1768,33019
1769,34001
1770,34003
1771,34005
1772,34007
1773,34009
1774,34011
1775,34013
1776,34015
1777,34017
1778,34019
1779,34021
1780,34023
1781,34025
1782,34027
1783,34029
1784,34031
1785,34033
1786,34035
1787,34037
1788,34039
1789,34041
1790,35001
1791,35003
1792,35005
1793,35006
1794,35007
1795,35009
1796,35011
1797,35013
1798,35015
1799,35017
1800,35019
1801,35021
1802,35023
1803,35025
1804,35027
1805,35028
1806,35029
1807,35031
1808,35033
1809,35035
1810,35037
1811,35039
1812,35041
1813,35043
1814,35045
1815,35047
1816,35049
1817,35051
1818,35053
1819,35055
1820,35057
1821,35059
1822,35061
1823,36001
1824,36003
1825,36005
1826,36007
1827,36009
1828,36011
1829,36013
1830,36015
1831,36017
1832,36019
1833,36021
1834,36023
1835,36025
1836,36027
1837,36029
1838,36031
1839,36033
1840,36035
1841,36037
1842,36039
1843,36041
1844,36043
1845,36045
1846,36047
1847,36049
1848,36051
1849,36053
1850,36055
1851,36057
1852,36059
1853,36061
1854,36063
1855,36065
1856,36067
1857,36069
1858,36071
1859,36073
1860,36075
1861,36077
1862,36079
1863,36081
1864,36083
1865,36085
1866,36087
1867,36089
1868,36091
1869,36093
1870,36095
1871,36097
1872,36099
1873,36101
1874,36103
1875,36105
1876,36107
1877,36109
1878,36111
1879,36113
1880,36115
1881,36117
1882,36119
1883,36121
1884,36123
1885,37001
1886,37003
1887,37005
1888,37007
1889,37009
1890,37011
1891,37013
1892,37015
1893,37017
1894,37019
1895,37021
1896,37023
1897,37025
1898,37027
1899,37029
1900,37031
1901,37033
1902,37035
1903,37037
1904,37039
1905,37041
1906,37043
1907,37045
1908,37047
1909,37049
1910,37051
1911,37053
1912,37055
1913,37057
1914,37059
1915,37061
1916,37063
1917,37065
1918,37067
1919,37069
1920,37071
1921,37073
1922,37075
1923,37077
1924,37079
1925,37081
1926,37083
1927,37085
1928,37087
1929,37089
1930,37091
1931,37093
1932,37095
1933,37097
1934,37099
1935,37101
1936,37103
1937,37105
1938,37107
1939,37109
1940,37111
1941,37113
1942,37115
1943,37117
1944,37119
1945,37121
1946,37123
1947,37125
1948,37127
1949,37129
1950,37131
1951,37133
1952,37135
1953,37137
1954,37139
1955,37141
1956,37143
1957,37145
1958,37147
1959,37149
1960,37151
1961,37153
1962,37155
1963,37157
1964,37159
1965,37161
1966,37163
1967,37165
1968,37167
1969,37169
1970,37171
1971,37173
1972,37175
1973,37177
1974,37179
1975,37181
1976,37183
1977,37185
1978,37187
1979,37189
1980,37191
1981,37193
1982,37195
1983,37197
1984,37199
1985,38001
1986,38003
1987,38005
1988,38007
1989,38009
1990,38011
1991,38013
1992,38015
1993,38017
1994,38019
1995,38021
1996,38023
1997,38025
1998,38027
1999,38029
2000,38031
2001,38033
2002,38035
2003,38037
2004,38039
2005,38041
2006,38043
2007,38045
2008,38047
2009,38049
2010,38051
2011,38053
2012,38055
2013,38057
2014,38059
2015,38061
2016,38063
2017,38065
2018,38067
2019,38069
2020,38071
2021,38073
2022,38075
2023,38077
2024,38079
2025,38081
2026,38083
2027,38085
2028,38087
2029,38089
2030,38091
2031,38093
2032,38095
2033,38097
2034,38099
2035,38101
2036,38103
2037,38105
2038,39001
2039,39003
2040,39005
2041,39007
2042,39009
2043,39011
2044,39013
2045,39015
2046,39017
2047,39019
2048,39021
2049,39023
2050,39025
2051,39027
2052,39029
2053,39031
2054,39033
2055,39035
2056,39037
2057,39039
2058,39041
2059,39043
2060,39045
2061,39047
2062,39049
2063,39051
2064,39053
2065,39055
2066,39057
2067,39059
2068,39061
2069,39063
2070,39065
2071,39067
2072,39069
2073,39071
2074,39073
2075,39075
2076,39077
2077,39079
2078,39081
2079,39083
2080,39085
2081,39087
2082,39089
2083,39091
2084,39093
2085,39095
2086,39097
2087,39099
2088,39101
2089,39103
2090,39105
2091,39107
2092,39109
2093,39111
2094,39113
2095,39115
2096,39117
2097,39119
2098,39121
2099,39123
2100,39125
2101,39127
2102,39129
2103,39131
2104,39133
2105,39135
2106,39137
2107,39139
2108,39141
2109,39143
2110,39145
2111,39147
2112,39149
2113,39151
2114,39153
2115,39155
2116,39157
2117,39159
2118,39161
2119,39163
2120,39165
2121,39167
2122,39169
2123,39171
2124,39173
2125,39175
2126,40001
2127,40003
2128,40005
2129,40007
2130,40009
2131,40011
2132,40013
2133,40015
2134,40017
2135,40019
2136,40021
2137,40023
2138,40025
2139,40027
2140,40029
2141,40031
2142,40033
2143,40035
2144,40037
2145,40039
2146,40041
2147,40043
2148,40045
2149,40047
2150,40049
2151,40051
2152,40053
2153,40055
2154,40057
2155,40059
2156,40061
2157,40063
2158,40065
2159,40067
2160,40069
2161,40071
2162,40073
2163,40075
2164,40077
2165,40079
2166,40081
2167,40083
2168,40085
2169,40087
2170,40089
2171,40091
2172,40093
2173,40095
2174,40097
2175,40099
2176,40101
2177,40103
2178,40105
2179,40107
2180,40109
2181,40111
2182,40113
2183,40115
2184,40117
2185,40119
2186,40121
2187,40123
2188,40125
2189,40127
2190,40129
2191,40131
2192,40133
2193,40135
2194,40137
2195,40139
2196,40141
2197,40143
2198,40145
2199,40147
2200,40149
2201,40151
2202,40153
2203,41001
2204,41003
2205,41005
2206,41007
2207,41009
2208,41011
2209,41013
2210,41015
2211,41017
2212,41019
2213,41021
2214,41023
2215,41025
2216,41027
2217,41029
2218,41031
2219,41033
2220,41035
2221,41037
2222,41039
2223,41041
2224,41043
2225,41045
2226,41047
2227,41049
2228,41051
2229,41053
2230,41055
2231,41057
2232,41059
2233,41061
2234,41063
2235,41065
2236,41067
2237,41069
2238,41071
2239,42001
2240,42003
2241,42005
2242,42007
2243,42009
2244,42011
2245,42013
2246,42015
2247,42017
2248,42019
2249,42021
2250,42023
2251,42025
2252,42027
2253,42029
2254,42031
2255,42033
2256,42035
2257,42037
2258,42039
2259,42041
2260,42043
2261,42045
2262,42047
2263,42049
2264,42051
2265,42053
2266,42055
2267,42057
2268,42059
2269,42061
2270,42063
2271,42065
2272,42067
2273,42069
2274,42071
2275,42073
2276,42075
2277,42077
2278,42079
2279,42081
2280,42083
2281,42085
2282,42087
2283,42089
2284,42091
2285,42093
2286,42095
2287,42097
2288,42099
2289,42101
2290,42103
2291,42105
2292,42107
2293,42109
2294,42111
2295,42113
2296,42115
2297,42117
2298,42119
2299,42121
2300,42123
2301,42125
2302,42127
2303,42129
2304,42131
2305,42133
2306,44001
2307,44003
2308,44005
2309,44007
2310,44009
2311,45001
2312,45003
2313,45005
2314,45007
2315,45009
2316,45011
2317,45013
2318,45015
2319,45017
2320,45019
2321,45021
2322,45023
2323,45025
2324,45027
2325,45029
2326,45031
2327,45033
2328,45035
2329,45037
2330,45039
2331,45041
2332,45043
2333,45045
2334,45047
2335,45049
2336,45051
2337,45053
2338,45055
2339,45057
2340,45059
2341,45061
2342,45063
2343,45065
2344,45067
2345,45069
2346,45071
2347,45073
2348,45075
2349,45077
2350,45079
2351,45081
2352,45083
2353,45085
2354,45087
2355,45089
2356,45091
2357,46003
2358,46005
2359,46007
2360,46009
2361,46011
2362,46013
2363,46015
2364,46017
2365,46019
2366,46021
2367,46023
2368,46025
2369,46027
2370,46029
2371,46031
2372,46033
2373,46035
2374,46037
2375,46039
2376,46041
2377,46043
2378,46045
2379,46047
2380,46049
2381,46051
2382,46053
2383,46055
2384,46057
2385,46059
2386,46061
2387,46063
2388,46065
2389,46067
2390,46069
2391,46071
2392,46073
2393,46075
2394,46077
2395,46079
2396,46081
2397,46083
2398,46085
2399,46087
2400,46089
2401,46091
2402,46093
2403,46095
2404,46097
2405,46099
2406,46101
2407,46102
2408,46103
2409,46105
2410,46107
2411,46109
2412,46111
2413,46115
2414,46117
2415,46119
2416,46121
2417,46123
2418,46125
2419,46127
2420,46129
2421,46135
2422,46137
2423,47001
2424,47003
2425,47005
2426,47007
2427,47009
2428,47011
2429,47013
2430,47015
2431,47017
2432,47019
2433,47021
2434,47023
2435,47025
2436,47027
2437,47029
2438,47031
2439,47033
2440,47035
2441,47037
2442,47039
2443,47041
2444,47043
2445,47045
2446,47047
2447,47049
2448,47051
2449,47053
2450,47055
2451,47057
2452,47059
2453,47061
2454,47063
2455,47065
2456,47067
2457,47069
2458,47071
2459,47073
2460,47075
2461,47077
2462,47079
2463,47081
2464,47083
2465,47085
2466,47087
2467,47089
2468,47091
2469,47093
2470,47095
2471,47097
2472,47099
2473,47101
2474,47103
2475,47105
2476,47107
2477,47109
2478,47111
2479,47113
2480,47115
2481,47117
2482,47119
2483,47121
2484,47123
2485,47125
2486,47127
2487,47129
2488,47131
2489,47133
2490,47135
2491,47137
2492,47139
2493,47141
2494,47143
2495,47145
2496,47147
2497,47149
2498,47151
2499,47153
2500,47155
2501,47157
2502,47159
2503,47161
2504,47163
2505,47165
2506,47167
2507,47169
2508,47171
2509,47173
2510,47175
2511,47177
2512,47179
2513,47181
2514,47183
2515,47185
2516,47187
2517,47189
2518,48001
2519,48003
2520,48005
2521,48007
2522,48009
2523,48011
2524,48013
2525,48015
2526,48017
2527,48019
2528,48021
2529,48023
2530,48025
2531,48027
2532,48029
2533,48031
2534,48033
2535,48035
2536,48037
2537,48039
2538,48041
2539,48043
2540,48045
2541,48047
2542,48049
2543,48051
2544,48053
2545,48055
2546,48057
2547,48059
2548,48061
2549,48063
2550,48065
2551,48067
2552,48069
2553,48071
2554,48073
2555,48075
2556,48077
2557,48079
2558,48081
2559,48083
2560,48085
2561,48087
2562,48089
2563,48091
2564,48093
2565,48095
2566,48097
2567,48099
2568,48101
2569,48103
2570,48105
2571,48107
2572,48109
2573,48111
2574,48113
2575,48115
2576,48117
2577,48119
2578,48121
2579,48123
2580,48125
2581,48127
2582,48129
2583,48131
2584,48133
2585,48135
2586,48137
2587,48139
2588,48141
2589,48143
2590,48145
2591,48147
2592,48149
2593,48151
2594,48153
2595,48155
2596,48157
2597,48159
2598,48161
2599,48163
2600,48165
2601,48167
2602,48169
2603,48171
2604,48173
2605,48175
2606,48177
2607,48179
2608,48181
2609,48183
2610,48185
2611,48187
2612,48189
2613,48191
2614,48193
2615,48195
2616,48197
2617,48199
2618,48201
2619,48203
2620,48205
2621,48207
2622,48209
2623,48211
2624,48213
2625,48215
2626,48217
2627,48219
2628,48221
2629,48223
2630,48225
2631,48227
2632,48229
2633,48231
2634,48233
2635,48235
2636,48237
2637,48239
2638,48241
2639,48243
2640,48245
2641,48247
2642,48249
2643,48251
2644,48253
2645,48255
2646,48257
2647,48259
2648,48261
2649,48263
2650,48265
2651,48267
2652,48269
2653,48271
2654,48273
2655,48275
2656,48277
2657,48279
2658,48281
2659,48283
2660,48285
2661,48287
2662,48289
2663,48291
2664,48293
2665,48295
2666,48297
2667,48299
2668,48303
2669,48305
2670,48307
2671,48309
2672,48311
2673,48313
2674,48315
2675,48317
2676,48319
2677,48321
2678,48323
2679,48325
2680,48327
2681,48329
2682,48331
2683,48333
2684,48335
2685,48337
2686,48339
2687,48341
2688,48343
2689,48345
2690,48347
2691,48349
2692,48351
2693,48353
2694,48355
2695,48357
2696,48359
2697,48361
2698,48363
2699,48365
2700,48367
2701,48369
2702,48371
2703,48373
2704,48375
2705,48377
2706,48379
2707,48381
2708,48383
2709,48385
2710,48387
2711,48389
2712,48391
2713,48393
2714,48395
2715,48397
2716,48399
2717,48401
2718,48403
2719,48405
2720,48407
2721,48409
2722,48411
2723,48413
2724,48415
2725,48417
2726,48419
2727,48421
2728,48423
2729,48425
2730,48427
2731,48429
2732,48431
2733,48433
2734,48435
2735,48437
2736,48439
2737,48441
2738,48443
2739,48445
2740,48447
2741,48449
2742,48451
2743,48453
2744,48455
2745,48457
2746,48459
2747,48461
2748,48463
2749,48465
2750,48467
2751,48469
2752,48471
2753,48473
2754,48475
2755,48477
2756,48479
2757,48481
2758,48483
2759,48485
2760,48487
2761,48489
2762,48491
2763,48493
2764,48495
2765,48497
2766,48499
2767,48501
2768,48503
2769,48505
2770,48507
2771,49001
2772,49003
2773,49005
2774,49007
2775,49009
2776,49011
2777,49013
2778,49015
2779,49017
2780,49019
2781,49021
2782,49023
2783,49025
2784,49027
2785,49029
2786,49031
2787,49033
2788,49035
2789,49037
2790,49039
2791,49041
2792,49043
2793,49045
2794,49047
2795,49049
2796,49051
2797,49053
2798,49055
2799,49057
2800,50001
2801,50003
2802,50005
2803,50007
2804,50009
2805,50011
2806,50013
2807,50015
2808,50017
2809,50019
2810,50021
2811,50023
2812,50025
2813,50027
2814,51001
2815,51003
2816,51005
2817,51007
2818,51009
2819,51011
2820,51013
2821,51015
2822,51017
2823,51019
2824,51021
2825,51023
2826,51025
2827,51027
2828,51029
2829,51031
2830,51033
2831,51035
2832,51036
2833,51037
2834,51041
2835,51043
2836,51045
2837,51047
2838,51049
2839,51051
2840,51053
2841,51057
2842,51059
2843,51061
2844,51063
2845,51065
2846,51067
2847,51069
2848,51071
2849,51073
2850,51075
2851,51077
2852,51079
2853,51081
2854,51083
2855,51085
2856,51087
2857,51089
2858,51091
2859,51093
2860,51095
2861,51097
2862,51099
2863,51101
2864,51103
2865,51105
2866,51107
2867,51109
2868,51111
2869,51113
2870,51115
2871,51117
2872,51119
2873,51121
2874,51125
2875,51127
2876,51131
2877,51133
2878,51135
2879,51137
2880,51139
2881,51141
2882,51143
2883,51145
2884,51147
2885,51149
2886,51153
2887,51155
2888,51157
2889,51159
2890,51161
2891,51163
2892,51165
2893,51167
2894,51169
2895,51171
2896,51173
2897,51175
2898,51177
2899,51179
2900,51181
2901,51183
2902,51185
2903,51187
2904,51191
2905,51193
2906,51195
2907,51197
2908,51199
2909,51510
2910,51520
2911,51530
2912,51540
2913,51550
2914,51570
2915,51580
2916,51590
2917,51595
2918,51600
2919,51610
2920,51620
2921,51630
2922,51640
2923,51650
2924,51660
2925,51670
2926,51678
2927,51680
2928,51683
2929,51685
2930,51690
2931,51700
2932,51710
2933,51720
2934,51730
2935,51735
2936,51740
2937,51750
2938,51760
2939,51770
2940,51775
2941,51790
2942,51800
2943,51810
2944,51820
2945,51830
2946,51840
2947,53001
2948,53003
2949,53005
2950,53007
2951,53009
2952,53011
2953,53013
2954,53015
2955,53017
2956,53019
2957,53021
2958,53023
2959,53025
2960,53027
2961,53029
2962,53031
2963,53033
2964,53035
2965,53037
2966,53039
2967,53041
2968,53043
2969,53045
2970,53047
2971,53049
2972,53051
2973,53053
2974,53055
2975,53057
2976,53059
2977,53061
2978,53063
2979,53065
2980,53067
2981,53069
2982,53071
2983,53073
2984,53075
2985,53077
2986,54001
2987,54003
2988,54005
2989,54007
2990,54009
2991,54011
2992,54013
2993,54015
2994,54017
2995,54019
2996,54021
2997,54023
2998,54025
2999,54027
3000,54029
3001,54031
3002,54033
3003,54035
3004,54037
3005,54039
3006,54041
3007,54043
3008,54045
3009,54047
3010,54049
3011,54051
3012,54053
3013,54055
3014,54057
3015,54059
3016,54061
3017,54063
3018,54065
3019,54067
3020,54069
3021,54071
3022,54073
3023,54075
3024,54077
3025,54079
3026,54081
3027,54083
3028,54085
3029,54087
3030,54089
3031,54091
3032,54093
3033,54095
3034,54097
3035,54099
3036,54101
3037,54103
3038,54105
3039,54107
3040,54109
3041,55001
3042,55003
3043,55005
3044,55007
3045,55009
3046,55011
3047,55013
3048,55015
3049,55017
3050,55019
3051,55021
3052,55023
3053,55025
3054,55027
3055,55029
3056,55031
3057,55033
3058,55035
3059,55037
3060,55039
3061,55041
3062,55043
3063,55045
3064,55047
3065,55049
3066,55051
3067,55053
3068,55055
3069,55057
3070,55059
3071,55061
3072,55063
3073,55065
3074,55067
3075,55069
3076,55071
3077,55073
3078,55075
3079,55077
3080,55078
3081,55079
3082,55081
3083,55083
3084,55085
3085,55087
3086,55089
3087,55091
3088,55093
3089,55095
3090,55097
3091,55099
3092,55101
3093,55103
3094,55105
3095,55107
3096,55109
3097,55111
3098,55113
3099,55115
3100,55117
3101,55119
3102,55121
3103,55123
3104,55125
3105,55127
3106,55129
3107,55131
3108,55133
3109,55135
3110,55137
3111,55139
3112,55141
3113,56001
3114,56003
3115,56005
3116,56007
3117,56009
3118,56011
3119,56013
3120,56015
3121,56017
3122,56019
3123,56021
3124,56023
3125,56025
3126,56027
3127,56029
3128,56031
3129,56033
3130,56035
3131,56037
3132,56039
3133,56041
3134,56043
3135,56045
